153,1744,u,graph,2,Int64,simplegraph
1,2
1,3
1,4
1,9
1,11
1,12
1,13
1,14
1,16
1,20
1,21
1,24
1,25
1,26
1,29
1,31
1,42
1,94
1,112
1,125
1,127
1,129
1,132
1,133
1,139
1,142
1,143
1,146
2,3
2,7
2,9
2,11
2,12
2,13
2,14
2,16
2,20
2,21
2,25
2,29
2,31
2,45
2,125
2,127
2,129
2,131
2,137
2,143
2,147
2,151
3,7
3,11
3,12
3,13
3,14
3,16
3,20
3,21
3,26
3,36
3,42
3,46
3,52
3,55
3,57
3,58
3,60
3,94
3,127
3,129
3,134
3,144
3,151
4,10
4,13
4,17
4,18
4,20
4,23
4,47
4,90
4,94
4,120
4,124
4,126
4,131
4,137
4,139
4,141
4,149
5,13
5,23
5,34
5,69
5,70
5,71
5,75
5,80
5,82
5,83
5,84
5,86
5,90
5,94
5,95
5,97
5,101
5,103
5,106
5,108
5,109
5,113
5,118
5,119
5,120
5,121
5,123
5,126
5,139
6,13
6,85
6,89
6,94
6,97
6,99
6,101
6,109
6,112
6,113
6,117
6,119
6,122
6,123
6,131
7,11
7,12
7,16
7,17
7,20
7,21
7,32
7,33
7,35
7,36
7,37
7,39
7,40
7,41
7,42
7,43
7,44
7,45
7,46
7,47
7,48
7,49
7,50
7,51
7,52
7,54
7,55
7,56
7,57
7,58
7,59
7,60
7,61
7,94
7,127
7,130
7,140
7,144
8,26
8,65
8,68
8,73
8,92
8,100
8,102
8,104
8,112
8,130
8,146
9,11
9,12
9,13
9,15
9,20
9,21
9,22
9,24
9,25
9,29
9,31
9,35
9,124
9,125
9,132
9,136
10,18
10,26
10,62
10,67
10,68
10,73
10,75
10,88
10,91
10,95
11,12
11,13
11,15
11,16
11,20
11,21
11,24
11,25
11,29
11,31
11,42
11,125
11,127
11,129
11,130
11,133
11,136
11,146
11,150
11,151
12,13
12,15
12,16
12,20
12,21
12,24
12,25
12,29
12,42
12,47
12,127
12,141
13,15
13,18
13,20
13,21
13,23
13,24
13,26
13,29
13,31
13,42
13,94
13,120
13,124
13,126
13,127
13,136
13,139
14,15
14,17
14,29
14,35
14,42
14,45
14,46
14,48
14,49
14,53
14,58
14,61
14,78
14,127
14,128
15,63
15,72
15,87
15,98
15,135
15,141
15,146
16,17
16,20
16,21
16,29
16,33
16,35
16,36
16,37
16,41
16,45
16,46
16,48
16,49
16,51
16,52
16,53
16,54
16,55
16,57
16,58
16,60
16,61
16,127
16,151
17,28
17,29
17,30
17,32
17,33
17,36
17,37
17,42
17,43
17,46
17,47
17,48
17,51
17,52
17,57
17,58
17,60
17,61
17,94
17,99
17,144
18,19
18,23
18,62
18,70
18,73
18,75
18,86
18,88
18,90
18,91
18,95
18,101
18,104
18,109
18,113
18,120
19,63
19,69
19,70
19,71
19,73
19,74
19,81
19,84
19,88
19,90
19,100
19,101
19,147
19,152
20,21
20,24
20,25
20,29
20,31
20,125
20,127
20,129
20,132
20,133
20,150
20,151
21,24
21,25
21,29
21,31
21,125
21,127
21,129
21,132
21,133
21,142
21,143
21,146
22,24
22,25
22,29
22,95
22,101
22,103
22,120
22,124
22,125
22,126
22,129
22,130
22,131
22,136
22,139
22,150
23,26
23,27
23,65
23,73
23,75
23,77
23,83
23,86
23,94
23,109
23,120
23,124
23,126
23,129
23,134
23,139
23,151
24,25
24,26
24,31
24,81
24,124
24,125
24,129
24,131
24,136
24,139
24,142
24,150
25,29
25,31
25,76
25,124
25,125
25,127
25,131
25,133
25,136
25,139
25,146
26,28
26,68
26,71
26,86
26,92
26,94
26,98
26,111
27,34
27,37
27,38
27,39
27,40
27,43
27,50
27,52
27,56
27,59
27,65
27,74
27,82
27,89
27,94
27,107
27,118
27,135
28,29
28,30
28,31
28,32
28,47
28,61
28,134
28,142
28,148
29,30
29,31
29,32
29,42
29,47
29,124
29,125
29,127
29,129
29,130
29,133
29,136
29,139
29,150
29,151
30,31
30,32
30,47
30,52
30,114
30,134
30,148
30,150
31,32
31,34
31,62
31,69
31,90
31,103
31,108
31,125
31,126
32,37
32,47
32,61
32,112
32,129
32,131
32,134
32,144
32,146
32,148
32,149
33,35
33,36
33,37
33,38
33,39
33,40
33,41
33,42
33,43
33,44
33,45
33,46
33,47
33,48
33,49
33,51
33,52
33,53
33,54
33,55
33,56
33,57
33,58
33,59
33,60
33,61
33,96
33,130
33,144
34,38
34,48
34,50
34,56
34,69
34,70
34,79
34,82
34,83
34,84
34,85
34,86
34,90
34,96
34,103
34,106
34,108
34,110
34,118
35,36
35,37
35,41
35,42
35,43
35,44
35,45
35,46
35,47
35,48
35,49
35,51
35,52
35,53
35,54
35,55
35,56
35,57
35,58
35,59
35,60
35,61
35,131
35,134
35,143
36,37
36,38
36,39
36,40
36,41
36,42
36,43
36,44
36,45
36,46
36,47
36,48
36,49
36,51
36,52
36,53
36,54
36,55
36,56
36,57
36,58
36,59
36,60
36,61
36,96
36,121
36,144
37,38
37,39
37,40
37,41
37,43
37,44
37,45
37,46
37,47
37,48
37,49
37,50
37,51
37,52
37,53
37,54
37,55
37,56
37,57
37,58
37,59
37,60
37,61
38,40
38,43
38,44
38,45
38,46
38,48
38,49
38,51
38,52
38,56
38,57
38,58
38,60
38,61
38,63
38,69
38,70
38,74
38,81
38,82
38,83
38,90
38,95
38,103
38,108
38,110
38,111
38,118
38,123
38,135
39,40
39,41
39,43
39,46
39,48
39,49
39,50
39,51
39,52
39,54
39,55
39,56
39,57
39,58
39,60
39,96
39,120
40,41
40,43
40,45
40,46
40,47
40,48
40,49
40,50
40,51
40,52
40,54
40,55
40,56
40,57
40,58
40,59
40,60
40,81
40,96
40,105
40,144
41,42
41,43
41,45
41,46
41,48
41,49
41,50
41,51
41,52
41,54
41,55
41,56
41,57
41,58
41,59
41,60
41,61
41,72
41,96
41,141
42,43
42,45
42,46
42,47
42,49
42,52
42,54
42,55
42,56
42,58
42,59
42,60
42,61
42,78
42,94
42,129
42,141
42,144
42,151
43,44
43,46
43,48
43,49
43,50
43,51
43,52
43,54
43,55
43,56
43,57
43,58
43,59
43,60
43,61
43,82
43,96
43,107
43,110
43,144
44,45
44,46
44,47
44,48
44,49
44,51
44,52
44,56
44,57
44,58
44,60
44,61
44,66
44,84
44,139
45,46
45,47
45,48
45,49
45,50
45,51
45,52
45,54
45,57
45,58
45,59
45,60
45,61
45,82
45,143
45,152
46,47
46,48
46,49
46,50
46,51
46,52
46,54
46,55
46,56
46,57
46,58
46,59
46,60
46,61
46,96
46,143
46,144
47,48
47,49
47,51
47,52
47,54
47,55
47,57
47,58
47,60
47,129
47,144
47,149
48,49
48,51
48,52
48,53
48,54
48,57
48,58
48,60
48,61
48,143
49,50
49,51
49,52
49,53
49,54
49,55
49,56
49,57
49,58
49,59
49,60
49,61
49,65
49,82
49,96
49,121
50,51
50,52
50,55
50,56
50,57
50,58
50,60
50,61
50,96
50,135
50,140
50,144
51,52
51,54
51,55
51,56
51,57
51,58
51,60
51,61
51,96
51,124
51,125
51,131
51,134
51,136
51,139
51,143
51,144
51,151
52,53
52,54
52,55
52,56
52,57
52,58
52,59
52,60
52,61
52,144
53,107
53,116
53,143
54,55
54,56
54,57
54,58
54,59
54,60
54,61
54,144
55,56
55,57
55,58
55,60
55,61
55,76
55,94
55,121
55,134
55,144
56,57
56,58
56,59
56,60
56,61
56,65
56,69
56,74
56,84
56,89
56,96
56,99
56,108
56,135
56,144
57,58
57,59
57,60
57,61
57,134
57,141
57,143
57,152
58,59
58,60
58,61
58,144
59,60
59,61
59,74
59,98
59,99
59,135
59,140
59,144
59,146
60,61
60,96
60,144
61,65
61,134
61,135
61,140
61,143
61,144
62,63
62,67
62,70
62,71
62,73
62,75
62,77
62,78
62,80
62,83
62,88
62,90
62,91
62,93
62,95
62,100
62,101
62,103
62,104
62,108
62,109
62,113
62,115
62,117
62,119
62,122
62,128
62,153
63,64
63,68
63,69
63,73
63,75
63,79
63,80
63,81
63,83
63,84
63,88
63,93
63,95
63,97
63,98
63,101
63,103
63,104
63,107
63,108
63,112
63,118
63,119
64,68
64,70
64,71
64,75
64,77
64,79
64,80
64,82
64,86
64,90
64,91
64,101
64,106
64,115
64,118
64,119
64,123
64,127
64,153
65,77
65,98
65,115
65,116
65,140
66,74
66,75
66,89
66,100
66,101
66,103
66,106
66,108
66,123
66,148
67,68
67,69
67,70
67,71
67,73
67,75
67,80
67,81
67,83
67,84
67,85
67,86
67,90
67,93
67,95
67,101
67,103
67,108
67,109
67,113
67,115
67,118
67,119
67,147
68,70
68,73
68,76
68,86
68,88
68,90
68,91
68,93
68,95
68,97
68,109
68,111
68,115
68,118
68,119
68,122
68,138
68,142
68,153
69,70
69,75
69,76
69,77
69,80
69,82
69,83
69,84
69,86
69,90
69,95
69,99
69,100
69,101
69,103
69,106
69,108
69,110
69,111
69,118
69,119
69,120
69,123
69,125
70,73
70,75
70,77
70,82
70,83
70,84
70,86
70,89
70,90
70,95
70,97
70,100
70,101
70,103
70,108
70,113
70,117
70,118
70,119
70,123
70,152
70,153
71,72
71,73
71,74
71,75
71,77
71,78
71,79
71,80
71,83
71,86
71,88
71,89
71,90
71,95
71,101
71,103
71,104
71,105
71,106
71,108
71,109
71,111
71,115
71,117
71,118
71,119
71,120
71,123
71,149
71,153
72,77
72,93
72,122
72,128
72,133
72,134
72,137
72,140
72,142
72,143
72,152
73,75
73,76
73,86
73,88
73,90
73,91
73,95
73,100
73,101
73,104
73,109
73,119
73,120
73,122
73,138
74,79
74,80
74,83
74,84
74,88
74,93
74,100
74,107
74,108
74,111
74,115
74,123
74,135
74,140
75,77
75,79
75,80
75,83
75,86
75,88
75,90
75,91
75,95
75,97
75,100
75,101
75,103
75,104
75,108
75,109
75,111
75,113
75,115
75,117
75,118
75,119
75,120
75,147
75,153
76,77
76,79
76,84
76,86
76,91
76,95
76,99
76,103
76,105
76,106
76,115
76,116
76,128
77,79
77,80
77,86
77,90
77,98
77,100
77,101
77,103
77,104
77,108
77,109
77,113
77,116
77,117
77,118
77,119
77,120
77,122
77,123
77,145
77,153
78,98
78,121
78,123
78,130
78,145
79,80
79,81
79,83
79,91
79,95
79,97
79,98
79,105
79,106
79,108
79,111
79,113
79,115
79,117
80,83
80,84
80,86
80,87
80,93
80,95
80,100
80,103
80,108
80,113
80,115
80,116
80,117
80,119
80,123
80,142
80,147
81,82
81,83
81,84
81,89
81,96
81,101
81,103
81,107
81,108
81,110
81,113
81,118
81,148
82,89
82,95
82,96
82,103
82,106
82,108
82,110
82,112
82,117
82,118
82,135
82,148
83,84
83,86
83,90
83,95
83,97
83,100
83,101
83,103
83,108
83,113
83,115
83,118
83,119
83,120
83,123
83,133
83,147
83,153
84,86
84,90
84,95
84,100
84,101
84,103
84,108
84,110
84,118
84,119
84,120
84,122
84,123
85,93
85,94
85,111
86,88
86,90
86,95
86,101
86,103
86,105
86,106
86,109
86,111
86,113
86,117
86,118
86,119
86,120
86,123
86,153
87,89
87,110
87,141
87,144
88,90
88,91
88,95
88,97
88,101
88,104
88,113
88,153
89,96
89,100
89,101
89,103
89,108
89,119
89,121
89,122
89,123
90,95
90,97
90,101
90,103
90,104
90,108
90,109
90,113
90,118
90,119
90,120
90,122
90,123
90,125
91,92
91,93
91,102
91,115
91,117
92,102
92,114
92,138
92,142
92,146
93,96
93,108
93,116
93,117
93,128
93,135
93,153
94,98
94,120
94,124
94,126
94,136
94,139
95,101
95,103
95,106
95,108
95,109
95,111
95,113
95,115
95,118
95,119
95,120
95,125
95,135
95,153
96,107
96,108
96,121
96,135
97,106
97,110
97,111
97,113
97,115
97,118
97,123
97,153
98,119
98,133
98,145
98,147
98,152
99,100
99,108
99,110
99,135
100,102
100,103
100,108
100,110
100,113
100,119
100,128
101,103
101,108
101,109
101,112
101,113
101,115
101,117
101,118
101,119
101,120
101,123
101,130
101,153
102,113
102,122
102,133
102,153
103,105
103,106
103,107
103,108
103,113
103,115
103,117
103,118
103,119
103,120
103,123
103,125
103,153
104,111
104,119
104,123
104,141
104,153
105,106
105,108
105,112
105,115
105,121
106,108
106,111
106,115
106,119
106,120
106,121
106,148
107,110
107,118
107,119
107,122
107,135
108,109
108,110
108,111
108,118
108,119
108,120
108,123
108,125
108,135
108,148
109,111
109,113
109,119
109,120
109,122
109,126
109,149
110,116
110,117
110,118
110,128
110,141
110,148
110,152
111,112
111,113
111,115
111,118
111,119
112,122
112,141
113,115
113,117
113,119
113,120
113,125
114,126
114,132
114,133
114,137
114,142
114,147
114,148
114,150
114,152
115,117
115,118
115,119
115,123
115,147
116,118
116,128
116,133
116,140
116,144
116,148
117,123
117,149
118,119
118,120
118,122
118,123
118,135
118,144
118,148
118,153
119,122
119,123
119,151
119,153
120,124
120,125
120,126
120,129
120,130
120,136
120,139
120,148
122,128
122,149
122,153
123,150
123,152
123,153
124,125
124,126
124,129
124,131
124,136
124,139
124,150
124,151
125,126
125,127
125,131
125,136
125,139
126,129
126,130
126,131
126,133
126,136
126,139
126,149
126,150
126,151
127,129
127,137
127,146
127,151
128,132
128,135
128,152
129,130
129,131
129,132
129,133
129,136
129,139
129,141
129,142
129,143
129,145
129,149
129,150
129,151
130,131
130,132
130,133
130,136
130,137
130,138
130,140
130,142
130,146
130,147
130,149
130,151
131,132
131,134
131,136
131,139
131,142
131,150
131,151
132,133
132,134
132,137
132,140
132,141
132,142
132,143
132,145
132,149
132,150
132,151
133,134
133,135
133,136
133,138
133,139
133,141
133,142
133,143
133,145
133,146
133,150
133,151
134,136
134,137
134,140
134,141
134,142
134,143
134,144
134,145
134,147
134,150
134,151
134,152
135,140
135,144
135,147
135,148
135,152
136,139
136,142
136,150
136,151
137,140
137,142
137,143
137,152
138,142
138,148
138,149
138,153
139,150
139,151
140,143
140,144
140,147
140,152
141,142
141,146
141,149
141,151
142,143
142,146
142,149
142,150
142,151
142,152
143,145
143,147
143,150
143,151
143,152
145,152
146,149
149,150
149,151
150,152
